0 151
1 141
2 149
3 167
4 167
5 154
6 150
7 155
8 161
9 145
10 150
11 149
12 163
13 160
14 175
15 145
16 174
17 172
18 168
19 162
20 154
21 130
22 153
23 155
24 164
25 142
26 166
27 137
28 150
29 153
30 166
31 148
32 145
33 128
34 145
35 171
36 191
37 177
38 171
39 153
40 150
41 140
42 132
43 132
44 129
45 113
46 140
47 139
48 144
49 139
50 151
51 142
52 147
53 150
54 166
55 160
56 160
57 132
58 158
59 152
60 157
61 161
62 165
63 177
64 178
65 151
66 146
67 147
68 172
69 173
70 156
71 164
72 149
73 145
74 158
75 142
76 161
77 151
78 167
79 177
80 184
81 169
82 152
83 134
84 142
85 169
86 159
87 160
88 186
89 160
90 181
91 171
92 176
93 160
94 174
95 168
96 178
97 190
98 181
99 156
100 173
101 170
102 196
103 165
104 171
105 156
106 165
107 165
108 176
109 163
110 151
111 133
112 156
113 140
114 147
115 130
116 124
117 112
118 146
119 144
120 147
121 151
122 165
123 166
124 179
125 170
126 184
127 168
128 149
129 119
130 159
131 141
132 175
133 179
134 185
135 165
136 174
137 159
138 176
139 157
140 168
141 149
142 157
143 167
144 165
145 158
146 167
147 152
148 150
149 132
150 124
151 139
152 158
153 167
154 191
155 184
156 167
157 170
158 161
159 163
160 171
161 146
162 124
163 122
164 154
165 140
166 151
167 135
168 140
169 139
170 160
171 143
172 148
173 149
174 161
175 143
176 146
177 145
178 153
179 139
180 174
181 169
182 176
183 180
184 171
185 170
186 193
187 176
188 193
189 156
190 157
191 170
192 171
193 151
194 163
195 151
196 179
197 154
198 163
199 169
200 160
201 169
202 182
203 144
204 129
205 123
206 115
207 125
208 132
209 147
210 179
211 172
212 177
213 160
214 170
215 163
216 162
217 133
218 157
219 152
220 149
221 157
222 153
223 149
224 172
225 154
226 159
227 163
228 166
229 166
230 167
231 163
232 154
233 152
234 161
235 150
236 163
237 140
238 171
239 159
240 183
241 187
242 167
243 161
244 146
245 159
246 169
247 165
248 159
249 163
250 162
251 156
252 136
253 138
254 145
255 138
256 145
257 152
258 157
259 173
260 185
261 173
262 169
263 146
264 178
265 151
266 140
267 121
268 142
269 156
270 172
271 141
272 153
273 146
274 175
275 152
276 155
277 142
278 119
279 114
280 138
281 143
282 162
283 164
284 186
285 183
286 172
287 140
288 144
289 140
290 143
291 166
292 178
293 173
294 155
295 159
296 182
297 177
298 213
299 215
300 206
301 180
302 193
303 189
304 196
305 182
306 184
307 173
308 202
309 164
310 177
311 145
312 159
313 146
314 179
315 169
316 180
317 167
318 184
319 170
320 188
321 190
322 201
323 182
324 180
325 160
326 175
327 148
328 186
329 181
330 196
331 178
332 191
333 198
334 199
335 186
336 196
337 193
338 191
339 174
340 176
341 173
342 188
343 183
344 174
345 159
346 162
347 164
348 176
349 183
350 181
351 169
352 192
353 220
354 206
355 187
356 182
357 159
358 174
359 171
360 175
361 154
362 158
363 133
364 172
365 180
366 176
367 176
368 214
369 208
370 221
371 191
372 189
373 162
374 188
375 171
376 199
377 198
378 208
379 188
380 187
381 190
382 184
383 184
384 207
385 204
386 209
387 162
388 146
389 144
390 185
391 155
392 177
393 164
394 170
395 175
396 177
397 171
398 189
399 172
400 185
401 182
402 198
403 207
404 206
405 180
406 186
407 165
408 181
409 150
410 154
411 165
412 171
413 170
414 201
415 195
416 197
417 169
418 164
419 159
420 160
421 177
422 168
423 182
424 177
425 155
426 143
427 144
428 183
429 183
430 190
431 174
432 198
433 207
434 206
435 201
436 191
437 189
438 179
439 170
440 157
441 163
442 168
443 162
444 179
445 177
446 188
447 175
448 199
449 171
450 167
451 187
452 200
453 201
454 206
455 193
456 188
457 183
458 197
459 197
460 221
461 190
462 190
463 166
464 189
465 197
466 193
467 169
468 192
469 182
470 188
471 166
472 169
473 177
474 157
475 169
476 197
477 175
478 189
479 176
480 193
481 179
482 171
483 185
484 201
485 190
486 187
487 166
488 184
489 181
490 171
491 161
492 188
493 180
494 219
495 221
496 222
497 225
498 245
499 240
500 216
501 188
502 186
503 189
504 192
505 156
506 160
507 150
508 173
509 160
510 180
511 164
512 179
513 185
514 177
515 189
516 195
517 199
518 192
519 178
520 177
521 155
522 184
523 179
524 191
525 187
526 195
527 202
528 253
529 245
530 277
531 244
532 239
533 200
534 192
535 180
536 194
537 167
538 156
539 141
540 187
541 162
542 198
543 183
544 195
545 173
546 181
547 192
548 169
549 174
550 188
551 176
552 171
553 153
554 173
555 185
556 232
557 211
558 246
559 243
560 236
561 201
562 214
563 219
564 210
565 187
566 187
567 221
568 219
569 192
570 176
571 156
572 179
573 182
574 206
575 189
576 212
577 246
578 227
579 230
580 211
581 217
582 204
583 175
584 184
585 159
586 181
587 193
588 201
589 194
590 218
591 220
592 238
593 193
594 186
595 188
596 186
597 194
598 196
599 196
600 207
601 224
602 254
603 259
604 264
605 217
606 244
607 234
608 253
609 232
610 242
611 202
612 203
613 195
614 236
615 213
616 246
617 225
618 246
619 221
620 234
621 197
622 199
623 185
624 238
625 258
626 255
627 213
628 223
629 205
630 192
631 203
632 217
633 208
634 235
635 229
636 239
637 225
638 232
639 231
640 236
641 190
642 183
643 188
644 184
645 181
646 199
647 196
648 198
649 185
650 182
651 165
652 145
653 149
654 177
655 183
656 205
657 171
658 175
659 195
660 181
661 177
662 203
663 196
664 210
665 204
666 189
667 190
668 211
669 189
670 194
671 208
672 208
673 180
674 175
675 161
676 166
677 174
678 193
679 176
680 202
681 198
682 185
683 166
684 185
685 168
686 174
687 185
688 224
689 215
690 215
691 199
692 211
693 193
694 197
695 212
696 224
697 195
698 191
699 199
700 222
701 210
702 197
703 170
704 184
705 177
706 222
707 206
708 226
709 226
710 250
711 217
712 201
713 193
714 189
715 183
716 217
717 209
718 221
719 213
720 220
721 183
722 197
723 211
724 206
725 191
726 217
727 221
728 223
729 223
730 243
731 212
732 212
733 199
734 224
735 209
736 227
737 223
738 239
739 270
740 455
741 686
742 914
743 927
744 973
745 919
746 876
747 686
748 483
749 307
750 321
751 555
752 850
753 1061
754 1205
755 1248
756 1294
757 1095
758 965
759 614
760 475
761 330
762 285
763 278
764 283
765 283
766 290
767 270
768 275
769 251
770 259
771 274
772 305
773 310
774 330
775 319
776 364
777 301
778 294
779 282
780 284
781 255
782 283
783 266
784 307
785 303
786 349
787 329
788 287
789 256
790 304
791 301
792 295
793 272
794 320
795 291
796 289
797 307
798 303
799 350
800 347
801 325
802 288
803 288
804 298
805 246
806 258
807 283
808 361
809 457
810 1082
811 3275
812 6659
813 9055
814 9683
815 9955
816 10155
817 8841
818 6754
819 3548
820 1300
821 691
822 500
823 391
824 355
825 321
826 324
827 324
828 327
829 311
830 329
831 310
832 292
833 291
834 315
835 311
836 312
837 268
838 286
839 292
840 303
841 303
842 298
843 282
844 300
845 297
846 329
847 302
848 309
849 330
850 315
851 287
852 270
853 272
854 241
855 234
856 258
857 236
858 241
859 253
860 275
861 279
862 288
863 288
864 300
865 324
866 319
867 311
868 287
869 267
870 278
871 272
872 289
873 247
874 263
875 239
876 259
877 243
878 231
879 227
880 248
881 191
882 227
883 228
884 261
885 212
886 204
887 201
888 206
889 212
890 211
891 193
892 208
893 208
894 217
895 189
896 195
897 204
898 214
899 214
900 222
901 241
902 234
903 220
904 212
905 211
906 201
907 231
908 266
909 323
910 379
911 421
912 443
913 408
914 411
915 340
916 297
917 258
918 240
919 218
920 219
921 208
922 235
923 242
924 244
925 215
926 255
927 217
928 232
929 213
930 230
931 220
932 254
933 246
934 264
935 266
936 269
937 233
938 243
939 228
940 304
941 271
942 257
943 246
944 242
945 241
946 269
947 235
948 277
949 296
950 332
951 589
952 766
953 805
954 864
955 814
956 760
957 548
958 345
959 284
960 277
961 230
962 249
963 247
964 269
965 251
966 244
967 239
968 259
969 243
970 275
971 268
972 273
973 247
974 305
975 366
976 422
977 464
978 615
979 944
980 1211
981 1212
982 1195
983 1141
984 1052
985 699
986 377
987 292
988 266
989 289
990 344
991 328
992 337
993 330
994 371
995 316
996 297
997 236
998 224
999 226
1000 219
1001 241
1002 253
1003 232
1004 267
1005 223
1006 247
1007 211
1008 252
1009 256
1010 281
1011 264
1012 289
1013 249
1014 248
1015 273
1016 299
1017 267
1018 277
1019 246
1020 269
1021 247
1022 245
1023 248
1024 318
1025 387
1026 433
1027 487
1028 496
1029 447
1030 426
1031 317
1032 284
1033 255
1034 267
1035 264
1036 271
1037 265
1038 286
1039 298
1040 338
1041 314
1042 278
1043 257
1044 285
1045 290
1046 310
1047 288
1048 263
1049 262
1050 261
1051 242
1052 255
1053 234
1054 246
1055 229
1056 280
1057 303
1058 313
1059 303
1060 320
1061 302
1062 333
1063 284
1064 278
1065 261
1066 277
1067 272
1068 275
1069 269
1070 330
1071 405
1072 524
1073 626
1074 725
1075 870
1076 1373
1077 2286
1078 2714
1079 2666
1080 2689
1081 2635
1082 2445
1083 1634
1084 1151
1085 968
1086 943
1087 868
1088 836
1089 605
1090 421
1091 402
1092 412
1093 372
1094 330
1095 355
1096 344
1097 381
1098 395
1099 344
1100 344
1101 332
1102 329
1103 314
1104 361
1105 347
1106 395
1107 384
1108 394
1109 430
1110 539
1111 867
1112 1457
1113 1671
1114 1697
1115 1704
1116 1720
1117 1489
1118 871
1119 511
1120 432
1121 458
1122 424
1123 416
1124 426
1125 435
1126 478
1127 468
1128 465
1129 441
1130 415
1131 408
1132 420
1133 415
1134 444
1135 497
1136 501
1137 460
1138 480
1139 521
1140 552
1141 664
1142 1050
1143 1691
1144 1948
1145 1993
1146 2013
1147 1933
1148 1765
1149 1084
1150 731
1151 656
1152 636
1153 617
1154 670
1155 669
1156 705
1157 685
1158 668
1159 697
1160 764
1161 748
1162 773
1163 823
1164 878
1165 869
1166 947
1167 930
1168 956
1169 944
1170 961
1171 1055
1172 1490
1173 3824
1174 6841
1175 7562
1176 7779
1177 7783
1178 7772
1179 6337
1180 3326
1181 1749
1182 1284
1183 1227
1184 1303
1185 1396
1186 1691
1187 2102
1188 2443
1189 5279
1190 13909
1191 28062
1192 34292
1193 34817
1194 35038
1195 34489
1196 31008
1197 15743
1198 4600
1199 2692
1200 2150
1201 2033
1202 2041
1203 2009
1204 2076
1205 2040
1206 2116
1207 2057
1208 2108
1209 2117
1210 2165
1211 2215
1212 2364
1213 2361
1214 2446
1215 2454
1216 2523
1217 2553
1218 2660
1219 2665
1220 2718
1221 2833
1222 3007
1223 3053
1224 3123
1225 3200
1226 3281
1227 3306
1228 3433
1229 3477
1230 3701
1231 3882
1232 4483
1233 7465
1234 10348
1235 10897
1236 11281
1237 11356
1238 11383
1239 9768
1240 7128
1241 6348
1242 6187
1243 6375
1244 6606
1245 6721
1246 7042
1247 7002
1248 7010
1249 12332
1250 21953
1251 28544
1252 32249
1253 32443
1254 32725
1255 31100
1256 27091
1257 16690
1258 9696
1259 9512
1260 9862
1261 10157
1262 10535
1263 10964
1264 11484
1265 11832
1266 12247
1267 12500
1268 13067
1269 13425
1270 13716
1271 14209
1272 14804
1273 15957
1274 17658
1275 19215
1276 20712
1277 22342
1278 24096
1279 27990
1280 33117
1281 44059
1282 57569
1283 64887
1284 67936
1285 69860
1286 70592
1287 71289
1288 71330
1289 71354
1290 70614
1291 69851
1292 68075
1293 65443
1294 59273
1295 45301
1296 35318
1297 30551
1298 26700
1299 24731
1300 23283
1301 21734
1302 20003
1303 18684
1304 17584
1305 17510
1306 17852
1307 20933
1308 23001
1309 22315
1310 21857
1311 21360
1312 20874
1313 17443
1314 13920
1315 28401
1316 57808
1317 65205
1318 66472
1319 66592
1320 66660
1321 66718
1322 66423
1323 59609
1324 40061
1325 21589
1326 11011
1327 9928
1328 9182
1329 8745
1330 8381
1331 7838
1332 7466
1333 7154
1334 6939
1335 6745
1336 6647
1337 6581
1338 7146
1339 15499
1340 22928
1341 23093
1342 23266
1343 26719
1344 30490
1345 25013
1346 17174
1347 15051
1348 13971
1349 12046
1350 9388
1351 9218
1352 9753
1353 9714
1354 9675
1355 9313
1356 9025
1357 8807
1358 8106
1359 7422
1360 7028
1361 6884
1362 6794
1363 5712
1364 4414
1365 3984
1366 3863
1367 3846
1368 3968
1369 3959
1370 3985
1371 3996
1372 4009
1373 4151
1374 4375
1375 4459
1376 4656
1377 4700
1378 4762
1379 5154
1380 5661
1381 6373
1382 7331
1383 9945
1384 17190
1385 50792
1386 66441
1387 66900
1388 66981
1389 67088
1390 67130
1391 67056
1392 62661
1393 28275
1394 10216
1395 7486
1396 5385
1397 4863
1398 4481
1399 4205
1400 4085
1401 3890
1402 3859
1403 4073
1404 4483
1405 4517
1406 4549
1407 6346
1408 8973
1409 10240
1410 11019
1411 10484
1412 10078
1413 9780
1414 9375
1415 5900
1416 3246
1417 7062
1418 15630
1419 47040
1420 65272
1421 65952
1422 66006
1423 65990
1424 65841
1425 58278
1426 35155
1427 15467
1428 3530
1429 2979
1430 2554
1431 2530
1432 2699
1433 5609
1434 7954
1435 8019
1436 8146
1437 9353
1438 10241
1439 7887
1440 5019
1441 4751
1442 4611
1443 3449
1444 2094
1445 1930
1446 1888
1447 2397
1448 2935
1449 2923
1450 2919
1451 2872
1452 2864
1453 2463
1454 2031
1455 1770
1456 1584
1457 1542
1458 1535
1459 1463
1460 1472
1461 1495
1462 1496
1463 1510
1464 1550
1465 1551
1466 1532
1467 1508
1468 1591
1469 1576
1470 1598
1471 1589
1472 1630
1473 1625
1474 1725
1475 1835
1476 2027
1477 2448
1478 3641
1479 25160
1480 60188
1481 63619
1482 63671
1483 63980
1484 63712
1485 62378
1486 52604
1487 21390
1488 4089
1489 3070
1490 2164
1491 2000
1492 1922
1493 1948
1494 2033
1495 2213
1496 2383
1497 2515
1498 2667
1499 2659
1500 2660
1501 2446
1502 2297
1503 2257
1504 2194
1505 2176
1506 2263
1507 2233
1508 2284
1509 2211
1510 2287
1511 2316
1512 2390
1513 2631
1514 2889
1515 2895
1516 2949
1517 3175
1518 3463
1519 3426
1520 3398
1521 3410
1522 3511
1523 3633
1524 3775
1525 4046
1526 4449
1527 6747
1528 13224
1529 47414
1530 65522
1531 65930
1532 65886
1533 65962
1534 66124
1535 64770
1536 53872
1537 23042
1538 6958
1539 5677
1540 4490
1541 4204
1542 4043
1543 4115
1544 4217
1545 4178
1546 4203
1547 4290
1548 4505
1549 5264
1550 6164
1551 8305
1552 11132
1553 29038
1554 62360
1555 66135
1556 66216
1557 66278
1558 66331
1559 66301
1560 62676
1561 30877
1562 11880
1563 8673
1564 6255
1565 5448
1566 4728
1567 4479
1568 4267
1569 4162
1570 4114
1571 3803
1572 3533
1573 3390
1574 3299
1575 3302
1576 3319
1577 3345
1578 3465
1579 3741
1580 4069
1581 4018
1582 4046
1583 3991
1584 4020
1585 3611
1586 3346
1587 3363
1588 3529
1589 6291
1590 9525
1591 16928
1592 23497
1593 23698
1594 23893
1595 24045
1596 24014
1597 14618
1598 4991
1599 4935
1600 5077
1601 5623
1602 6315
1603 8171
1604 10149
1605 20379
1606 35525
1607 60415
1608 66148
1609 66318
1610 66365
1611 66370
1612 66404
1613 65063
1614 53944
1615 26672
1616 13599
1617 10266
1618 7139
1619 6376
1620 5688
1621 5285
1622 4994
1623 4671
1624 4348
1625 4246
1626 4242
1627 4627
1628 5139
1629 19206
1630 37876
1631 51618
1632 53947
1633 54359
1634 54010
1635 54480
1636 53080
1637 35706
1638 12287
1639 7105
1640 4110
1641 3617
1642 3208
1643 3588
1644 3991
1645 3941
1646 3865
1647 3712
1648 3691
1649 3398
1650 3161
1651 3746
1652 4476
1653 4561
1654 4674
1655 4625
1656 4653
1657 4460
1658 4333
1659 3243
1660 2328
1661 2273
1662 2217
1663 2168
1664 2161
1665 2155
1666 2186
1667 1924
1668 1736
1669 1717
1670 1741
1671 1577
1672 1501
1673 1427
1674 1415
1675 1421
1676 1432
1677 1435
1678 1470
1679 1819
1680 2202
1681 2227
1682 2202
1683 2177
1684 2185
1685 1950
1686 1755
1687 2207
1688 2700
1689 3747
1690 4900
1691 19537
1692 36624
1693 40796
1694 41241
1695 41443
1696 41289
1697 41513
1698 40686
1699 23390
1700 5527
1701 3506
1702 2146
1703 1902
1704 1726
1705 1604
1706 1526
1707 1509
1708 1486
1709 1376
1710 1279
1711 1213
1712 1182
1713 1127
1714 1137
1715 1118
1716 1143
1717 1132
1718 1194
1719 1146
1720 1132
1721 1103
1722 1136
1723 1120
1724 1162
1725 1224
1726 1298
1727 1427
1728 1598
1729 1617
1730 1642
1731 1651
1732 1716
1733 1525
1734 1398
1735 1358
1736 1367
1737 1457
1738 1573
1739 1687
1740 1835
1741 2200
1742 2569
1743 2746
1744 2983
1745 3620
1746 4301
1747 6676
1748 9979
1749 27491
1750 50202
1751 53455
1752 53042
1753 53616
1754 53170
1755 53270
1756 48529
1757 23831
1758 8422
1759 6141
1760 4093
1761 3364
1762 2719
1763 2399
1764 2144
1765 1960
1766 1849
1767 1691
1768 1598
1769 1458
1770 1385
1771 1316
1772 1289
1773 1221
1774 1245
1775 1224
1776 1230
1777 1198
1778 1203
1779 1172
1780 1168
1781 1325
1782 1522
1783 1511
1784 1531
1785 1577
1786 1645
1787 1654
1788 1689
1789 1613
1790 1558
1791 1806
1792 2087
1793 14026
1794 26877
1795 32489
1796 36575
1797 36742
1798 36760
1799 36795
1800 36511
1801 25022
1802 12294
1803 6883
1804 2044
1805 1936
1806 1854
1807 1703
1808 1610
1809 1604
1810 1618
1811 1465
1812 1344
1813 1210
1814 1101
1815 1092
1816 1093
1817 1118
1818 1185
1819 1273
1820 1371
1821 1953
1822 2553
1823 2974
1824 3410
1825 4006
1826 4603
1827 6439
1828 8771
1829 23382
1830 39111
1831 40600
1832 40576
1833 40947
1834 40679
1835 40923
1836 39277
1837 21731
1838 7091
1839 4713
1840 2572
1841 2119
1842 1733
1843 1561
1844 1407
1845 1331
1846 1274
1847 1231
1848 1200
1849 1158
1850 1164
1851 1138
1852 1180
1853 1170
1854 1172
1855 1162
1856 1154
1857 1049
1858 968
1859 951
1860 980
1861 982
1862 991
1863 970
1864 990
1865 968
1866 980
1867 999
1868 1034
1869 1076
1870 1084
1871 1060
1872 1070
1873 1116
1874 1153
1875 1194
1876 1295
1877 1346
1878 1453
1879 1542
1880 1657
1881 1921
1882 2222
1883 2696
1884 3207
1885 6397
1886 10201
1887 24556
1888 39082
1889 40369
1890 40361
1891 40762
1892 40359
1893 40419
1894 38905
1895 23411
1896 10437
1897 6901
1898 3655
1899 3146
1900 2677
1901 2594
1902 2526
1903 2648
1904 2800
1905 3174
1906 3606
1907 5038
1908 6661
1909 20401
1910 36165
1911 40998
1912 41963
1913 42608
1914 42208
1915 42760
1916 42192
1917 41288
1918 36499
1919 21344
1920 8475
1921 6012
1922 3717
1923 3046
1924 2473
1925 2209
1926 1983
1927 1764
1928 1526
1929 1372
1930 1254
1931 1177
1932 1119
1933 1103
1934 1093
1935 1000
1936 906
1937 826
1938 796
1939 812
1940 821
1941 758
1942 698
1943 631
1944 584
1945 561
1946 556
1947 542
1948 538
1949 530
1950 541
1951 512
1952 469
1953 471
1954 489
1955 450
1956 437
1957 390
1958 406
1959 419
1960 442
1961 414
1962 419
1963 428
1964 447
1965 428
1966 430
1967 417
1968 427
1969 398
1970 375
1971 353
1972 331
1973 331
1974 331
1975 323
1976 350
1977 346
1978 363
1979 361
1980 344
1981 306
1982 301
1983 296
1984 292
1985 275
1986 307
1987 315
1988 304
1989 294
1990 321
1991 277
1992 283
1993 268
1994 290
1995 303
1996 308
1997 299
1998 317
1999 302
2000 280
2001 252
2002 242
2003 217
2004 236
2005 263
2006 306
2007 301
2008 303
2009 303
2010 306
2011 261
2012 259
2013 242
2014 245
2015 237
2016 249
2017 263
2018 268
2019 277
2020 275
2021 295
2022 325
2023 313
2024 328
2025 323
2026 352
2027 350
2028 392
2029 443
2030 499
2031 532
2032 597
2033 759
2034 955
2035 1925
2036 2926
2037 14140
2038 25456
2039 28737
2040 31895
2041 31807
2042 31742
2043 31832
2044 31906
2045 18599
2046 5352
2047 3186
2048 1150
2049 917
2050 740
2051 618
2052 525
2053 448
2054 368
2055 351
2056 356
2057 346
2058 362
2059 360
2060 357
2061 311
2062 303
2063 282
2064 296
2065 281
2066 310
2067 424
2068 572
2069 2110
2070 3698
2071 4604
2072 5529
2073 5640
2074 5762
2075 5657
2076 5615
2077 4336
2078 3040
2079 1775
2080 530
2081 417
2082 353
2083 292
2084 258
2085 256
2086 263
2087 232
2088 207
2089 197
2090 189
2091 171
2092 198
2093 183
2094 175
2095 183
2096 226
2097 203
2098 222
2099 210
2100 215
2101 187
2102 217
2103 231
2104 243
2105 214
2106 228
2107 220
2108 230
2109 207
2110 195
2111 172
2112 192
2113 175
2114 179
2115 170
2116 159
2117 156
2118 176
2119 173
2120 190
2121 170
2122 198
2123 222
2124 212
2125 187
2126 214
2127 202
2128 212
2129 208
2130 190
2131 170
2132 187
2133 204
2134 210
2135 201
2136 212
2137 183
2138 210
2139 199
2140 229
2141 217
2142 228
2143 191
2144 212
2145 186
2146 206
2147 207
2148 226
2149 241
2150 270
2151 448
2152 637
2153 630
2154 652
2155 532
2156 448
2157 414
2158 416
2159 437
2160 447
2161 366
2162 295
2163 242
2164 206
2165 205
2166 204
2167 180
2168 192
2169 183
2170 194
2171 192
2172 187
2173 172
2174 192
2175 175
2176 192
2177 172
2178 200
2179 199
2180 211
2181 188
2182 180
2183 158
2184 156
2185 163
2186 186
2187 192
2188 202
2189 196
2190 216
2191 190
2192 177
2193 163
2194 154
2195 148
2196 185
2197 198
2198 194
2199 158
2200 144
2201 137
2202 160
2203 152
2204 167
2205 184
2206 187
2207 193
2208 200
2209 158
2210 163
2211 162
2212 168
2213 160
2214 182
2215 155
2216 202
2217 201
2218 201
2219 177
2220 184
2221 172
2222 154
2223 148
2224 176
2225 160
2226 181
2227 158
2228 162
2229 156
2230 161
2231 159
2232 190
2233 153
2234 170
2235 140
2236 164
2237 162
2238 158
2239 152
2240 162