0.000000000000000000e+00 8.524829439149235100e+01
1.000000000000000000e+00 3.922488582379336464e+01
2.000000000000000000e+00 4.353867297588301000e+01
3.000000000000000000e+00 3.421658089921110246e+01
4.000000000000000000e+00 7.877934555634551828e+01
5.000000000000000000e+00 1.255661027769787097e+01
6.000000000000000000e+00 1.028624152834976115e+02
7.000000000000000000e+00 5.098181025057627380e+01
8.000000000000000000e+00 7.692314838443904534e+01
9.000000000000000000e+00 6.708866285214020309e+01
1.000000000000000000e+01 1.067277422338759436e+02
1.100000000000000000e+01 3.279494660390091099e+01
1.200000000000000000e+01 7.300354667290689292e+01
1.300000000000000000e+01 7.416602050369537835e+01
1.400000000000000000e+01 1.096027968986789887e+02
1.500000000000000000e+01 6.363235949928552770e+01
1.600000000000000000e+01 8.625830789615554295e+01
1.700000000000000000e+01 7.345047233110622642e+01
1.800000000000000000e+01 9.591603830372837081e+01
1.900000000000000000e+01 1.101470901376333416e+02
2.000000000000000000e+01 7.611656385447960815e+01
2.100000000000000000e+01 1.273405045035196252e+02
2.200000000000000000e+01 1.245645186368636672e+02
2.300000000000000000e+01 1.184041271541705385e+02
2.400000000000000000e+01 1.295485740990377508e+02
2.500000000000000000e+01 9.766310545591697689e+01
2.600000000000000000e+01 1.123332821062453348e+02
2.700000000000000000e+01 9.719380327657820828e+01
2.800000000000000000e+01 1.141868286721154533e+02
2.900000000000000000e+01 1.340087136282186293e+02
3.000000000000000000e+01 1.099909616875607981e+02
3.100000000000000000e+01 1.188904484672252977e+02
3.200000000000000000e+01 1.150883524074046989e+02
3.300000000000000000e+01 1.141590375794777827e+02
3.400000000000000000e+01 1.204339589608410250e+02
3.500000000000000000e+01 1.372251782034598477e+02
3.600000000000000000e+01 1.157543654346144706e+02
3.700000000000000000e+01 1.475868206426308973e+02
3.800000000000000000e+01 1.810177072432841783e+02
3.900000000000000000e+01 1.636023582845281794e+02
4.000000000000000000e+01 1.458371685137529425e+02
4.100000000000000000e+01 1.332384514793590427e+02
4.200000000000000000e+01 1.387866650256068226e+02
4.300000000000000000e+01 1.942262648423021005e+02
4.400000000000000000e+01 1.611025282786398236e+02
4.500000000000000000e+01 1.486771944694450269e+02
4.600000000000000000e+01 1.691428660172840068e+02
4.700000000000000000e+01 2.130755364615908718e+02
4.800000000000000000e+01 1.726074492688513544e+02
4.900000000000000000e+01 1.858933074806510035e+02
5.000000000000000000e+01 1.815136959430414549e+02
5.100000000000000000e+01 1.698561783310906321e+02
5.200000000000000000e+01 1.552073551029195642e+02
5.300000000000000000e+01 1.749192629236405594e+02
5.400000000000000000e+01 1.804669951357673199e+02
5.500000000000000000e+01 2.002297232486536984e+02
5.600000000000000000e+01 2.082059400810767613e+02
5.700000000000000000e+01 2.127049151642872005e+02
5.800000000000000000e+01 2.011972449580174214e+02
5.900000000000000000e+01 2.167075632646748033e+02
6.000000000000000000e+01 1.836295646803726243e+02
6.100000000000000000e+01 2.296872389685623546e+02
6.200000000000000000e+01 2.161305771030707774e+02
6.300000000000000000e+01 2.010313854782710621e+02
6.400000000000000000e+01 2.206008437798636805e+02
6.500000000000000000e+01 2.108600938274430803e+02
6.600000000000000000e+01 2.395563577076959518e+02
6.700000000000000000e+01 2.504800249163617138e+02
6.800000000000000000e+01 2.674269863217696184e+02
6.900000000000000000e+01 1.921960295199074267e+02
7.000000000000000000e+01 1.936627304221779013e+02
7.100000000000000000e+01 2.165530907740620137e+02
7.200000000000000000e+01 2.334728044070179180e+02
7.300000000000000000e+01 2.515128655882220698e+02
7.400000000000000000e+01 2.418492783551428431e+02
7.500000000000000000e+01 1.936182336166191362e+02
7.600000000000000000e+01 2.333553729259643319e+02
7.700000000000000000e+01 2.604670497445772526e+02
7.800000000000000000e+01 2.499930557574071202e+02
7.900000000000000000e+01 2.640356426127709142e+02
8.000000000000000000e+01 2.451754793053551964e+02
8.100000000000000000e+01 2.481435499042190429e+02
8.200000000000000000e+01 2.590483821844457566e+02
8.300000000000000000e+01 2.663981207444191455e+02
8.400000000000000000e+01 2.643031039267509072e+02
8.500000000000000000e+01 2.650824876140218294e+02
8.600000000000000000e+01 2.504466283875280510e+02
8.700000000000000000e+01 2.756931341631639611e+02
8.800000000000000000e+01 2.726435215805141752e+02
8.900000000000000000e+01 2.970098008016886411e+02
9.000000000000000000e+01 3.010165179938626920e+02
9.100000000000000000e+01 2.815178942594016007e+02
9.200000000000000000e+01 2.718563165830445314e+02
9.300000000000000000e+01 2.686395501582433667e+02
9.400000000000000000e+01 2.941898274831912659e+02
9.500000000000000000e+01 2.891782794831637489e+02
9.600000000000000000e+01 2.825383752401076549e+02
9.700000000000000000e+01 2.934460517933031838e+02
9.800000000000000000e+01 2.815459816863256037e+02
9.900000000000000000e+01 3.126472951393671451e+02
